1
1000
1001
1002
1005
1008
1009
1010
1016
102
1020
1021
1025
1026
1027
1031
1032
1035
1037
1043
1047
1048
105
1051
1053
1055
1056
106
1060
1062
1063
1064
1065
1067
1068
1073
1074
1075
108
1081
1082
1083
1084
1085
1086
1087
1088
1090
1092
1096
1097
1099
11
110
1100
1102
1104
1107
111
1116
1117
1118
1119
112
1120
1121
1123
1125
1129
1130
1133
1137
1138
1139
1141
1142
1144
1145
1146
1147
1148
115
1151
1154
1156
1158
1159
1160
1161
1165
1167
1168
1170
1171
1172
1174
1175
1176
1178
1179
118
1181
1182
1183
1187
1189
1192
1196
1199
12
120
1200
1201
1202
1207
1209
121
1212
1213
1214
1220
1222
1223
1224
1226
1229
123
1230
1231
1236
124
1241
1246
1248
1251
1253
1254
1255
1256
126
1263
1266
1268
1270
1273
1275
1276
1281
1283
1284
1285
1289
129
1290
1291
1293
13
1302
1303
1307
131
1311
1312
1313
1315
1317
132
1321
1322
1323
1324
1325
1326
1328
1329
133
1330
1331
1334
1335
1336
1339
134
1340
1344
1345
1346
1349
1351
1357
1359
136
1360
1361
1362
1363
1366
1367
1368
1369
1370
1371
1372
1373
1374
1376
1378
1383
1385
1387
1388
139
1392
1393
1398
1399
1400
1401
1402
1404
1407
1409
1411
1412
1413
1414
1415
1416
1418
1419
1422
1426
1429
1433
1434
1435
1439
1444
1447
1450
1451
1452
1454
1455
1456
1457
1460
1465
1468
1469
147
1470
1471
1472
1473
1474
1475
1479
1480
1481
1483
1485
1486
1487
1488
149
1492
1493
1495
1496
1497
1498
15
150
1500
1501
1502
1504
1506
151
1510
1512
1514
1515
1516
152
1521
1524
1527
1528
1529
1530
1531
1533
1535
1536
1537
154
1549
155
1550
1555
1557
1558
1559
156
1565
1567
1568
1573
1574
1575
1576
1577
1578
158
1580
1581
1585
1587
1588
159
1591
1592
1594
1596
1598
1599
16
160
1601
1602
1603
1605
1606
1607
1609
1611
1615
1617
1618
1620
1622
1623
1627
1628
1632
1633
1635
1636
1637
1639
1641
1642
1643
1645
1649
165
1650
1651
1652
1656
1657
1658
1660
1661
1663
1665
1666
167
1670
1671
1672
1674
1675
1676
1677
1678
1679
1682
1686
1687
1689
1690
1692
1693
1694
1696
1697
1698
1699
17
170
1703
1704
1705
171
1710
1712
1713
1714
1715
1716
1717
1718
1719
172
1720
1721
1723
1724
1725
1728
1729
173
1730
1737
1738
1741
1743
1745
1748
1753
1754
1755
1758
1759
1760
1762
1763
1764
1769
177
1772
1773
1774
1778
1779
1780
1782
1784
1786
1788
1790
1791
1794
1795
1797
1799
180
1801
1803
1805
1808
1809
1810
1813
1814
1815
1817
182
1821
1822
1825
1831
1832
1833
1835
1836
1838
1839
184
1846
1847
1848
1849
185
1850
1852
1854
1855
1856
1857
1858
186
1864
1866
1867
1868
187
1872
1873
1875
1879
188
1880
1882
1884
1887
1888
1889
1897
1899
190
1900
1903
1904
1906
1907
1908
1909
1910
1911
1912
1915
1923
1924
1926
1927
1929
193
1930
1933
1934
1936
1937
1939
1940
1941
1943
1944
1946
1950
1952
1953
1954
1957
1959
196
1960
1961
1962
1963
1964
1965
1966
1967
1968
197
1970
1971
1972
1974
1976
1977
198
1984
1986
1987
1988
1989
199
1991
1995
1996
1997
1999
2
202
204
207
208
21
212
214
216
218
221
222
223
226
228
23
230
231
233
235
236
238
239
24
243
244
245
246
247
25
251
253
254
255
26
262
263
264
266
267
269
27
271
272
274
275
278
280
281
282
283
284
285
286
288
289
292
293
296
298
300
302
304
305
306
308
309
310
312
315
320
321
322
323
325
326
329
33
330
334
336
337
338
34
340
341
343
344
346
347
35
351
352
353
355
356
357
358
36
360
362
363
364
368
369
370
373
375
376
377
378
379
381
382
385
386
387
388
39
390
391
392
393
396
397
398
400
401
405
406
408
410
411
414
415
418
42
420
421
422
423
425
426
429
43
430
431
433
435
436
437
438
44
440
441
442
443
445
447
45
451
452
453
456
459
46
461
463
464
465
467
468
472
474
475
482
483
489
490
491
492
494
495
496
506
507
508
51
510
513
515
516
517
519
52
525
530
531
533
534
535
536
537
54
540
541
542
543
544
545
547
548
550
551
552
553
554
555
556
557
558
560
561
562
563
567
568
570
571
573
574
575
577
578
579
58
580
581
582
585
586
587
59
590
591
596
598
600
601
604
606
607
609
61
62
620
621
624
625
627
63
631
632
639
640
641
643
644
645
65
653
654
656
658
659
66
660
662
664
666
667
668
671
675
676
679
68
682
687
688
69
693
694
696
697
698
699
70
700
701
702
703
704
705
706
707
710
711
713
714
715
716
72
721
724
726
727
73
732
733
734
737
738
74
741
746
747
75
750
752
753
754
756
759
760
761
762
763
766
768
770
773
774
775
777
778
780
781
782
785
786
788
789
790
791
792
794
795
796
799
8
804
805
806
807
81
810
814
816
819
82
820
821
822
823
825
83
830
833
835
837
838
84
841
844
845
848
85
850
853
858
860
861
862
863
864
866
869
87
871
872
873
874
876
877
879
881
882
884
885
888
892
895
898
900
901
905
907
908
909
91
910
911
912
913
916
917
918
919
92
924
925
931
934
937
938
94
941
942
947
948
95
952
953
954
956
959
96
965
967
968
970
973
977
978
98
980
981
982
983
985
987
988
989
992
995
998
